D:\python\python.exe D:/pengyubo/pythonProj/SBM-master/experiment_1/RL_train.py
Namespace(avg_alloc=False, b_ratio=0.9, batch_size=100, cp_ratio=0.0005, device='cuda', e_greedy=0.95, e_greedy_increment=0.003, episodes=8, iterations=60, kerset=[18, 30, 60, 45, 65, 50], log_dir='logs', lr=0.005, memory_size=60, node_epochs=2, node_lr=0.001, node_num=20, node_num_workers=4, num_classes=10, pretrained_weight='', random_imgs=True, replace_target_iter=60, reward_decay=0.9, rl_batch_size=60, rl_checkpoints='./checkpoints', rl_weights='checkpoints/rl_episode3.pth', save_dir='checkpoints', select_method='ea', select_node_num=5, test_data_pth='MNIST/test', tp_ratio=0.1, train_data_pth='MNIST/train')
7165
6657
4610
3762
4298
4837
3529
3637
2290
2125
1915
1575
1406
1056
1540
1376
920
719
801
5781
node_position:
 [[0 0 0 1 0 0 1 0 0 0]
 [0 0 0 0 0 0 1 0 0 0]
 [1 0 0 0 0 0 0 0 0 0]
 [1 0 0 0 1 0 1 1 0 0]
 [0 0 0 1 0 0 0 0 0 0]
 [1 0 0 1 0 1 1 0 0 1]
 [0 1 0 0 0 0 0 1 1 0]
 [0 0 0 0 0 1 0 0 1 0]
 [0 0 0 0 0 0 1 0 0 0]
 [0 0 0 0 0 0 0 0 0 0]]
tp_energy matrix:
 [[0.         0.3        0.31622777 0.36055513 0.42426407 0.31622777
  0.42426407 0.5        0.4        0.58309519 0.5        0.53851648
  0.58309519 0.78102497 0.63245553 0.72111026 0.78102497 0.72801099
  0.86023253 0.85440037]
 [0.3        0.         0.1        0.63245553 0.67082039 0.36055513
  0.3        0.31622777 0.5        0.78102497 0.58309519 0.50990195
  0.5        0.58309519 0.78102497 0.60827625 0.63245553 0.70710678
  0.72801099 0.8       ]
 [0.31622777 0.1        0.         0.60827625 0.63245553 0.28284271
  0.2        0.2236068  0.42426407 0.72111026 0.5        0.41231056
  0.4        0.5        0.70710678 0.50990195 0.53851648 0.60827625
  0.63245553 0.7       ]
 [0.36055513 0.63245553 0.60827625 0.         0.1        0.41231056
  0.60827625 0.70710678 0.36055513 0.3        0.42426407 0.58309519
  0.67082039 0.9486833  0.41231056 0.80622577 0.89442719 0.70710678
  0.94339811 0.84852814]
 [0.42426407 0.67082039 0.63245553 0.1        0.         0.4
  0.6        0.7        0.31622777 0.2        0.36055513 0.53851648
  0.63245553 0.92195445 0.31622777 0.76157731 0.85440037 0.64031242
  0.89442719 0.78102497]
 [0.31622777 0.36055513 0.28284271 0.41231056 0.4        0.
  0.2        0.3        0.14142136 0.4472136  0.2236068  0.2236068
  0.28284271 0.53851648 0.42426407 0.42426407 0.5        0.41231056
  0.56568542 0.53851648]
 [0.42426407 0.3        0.2        0.60827625 0.6        0.2
  0.         0.1        0.31622777 0.63245553 0.36055513 0.2236068
  0.2        0.36055513 0.58309519 0.31622777 0.36055513 0.41231056
  0.4472136  0.5       ]
 [0.5        0.31622777 0.2236068  0.70710678 0.7        0.3
  0.1        0.         0.41231056 0.72801099 0.4472136  0.28284271
  0.2236068  0.28284271 0.67082039 0.3        0.31622777 0.4472136
  0.41231056 0.50990195]
 [0.4        0.5        0.42426407 0.36055513 0.31622777 0.14142136
  0.31622777 0.41231056 0.         0.31622777 0.1        0.2236068
  0.31622777 0.60827625 0.28284271 0.4472136  0.53851648 0.36055513
  0.58309519 0.5       ]
 [0.58309519 0.78102497 0.72111026 0.3        0.2        0.4472136
  0.63245553 0.72801099 0.31622777 0.         0.3        0.5
  0.6        0.9        0.14142136 0.70710678 0.80622577 0.53851648
  0.82462113 0.67082039]
 [0.5        0.58309519 0.5        0.42426407 0.36055513 0.2236068
  0.36055513 0.4472136  0.1        0.3        0.         0.2
  0.3        0.6        0.2236068  0.41231056 0.50990195 0.28284271
  0.53851648 0.42426407]
 [0.53851648 0.50990195 0.41231056 0.58309519 0.53851648 0.2236068
  0.2236068  0.28284271 0.2236068  0.5        0.2        0.
  0.1        0.4        0.41231056 0.2236068  0.31622777 0.2
  0.36055513 0.31622777]
 [0.58309519 0.5        0.4        0.67082039 0.63245553 0.28284271
  0.2        0.2236068  0.31622777 0.6        0.3        0.1
  0.         0.3        0.50990195 0.14142136 0.2236068  0.2236068
  0.28284271 0.3       ]
 [0.78102497 0.58309519 0.5        0.9486833  0.92195445 0.53851648
  0.36055513 0.28284271 0.60827625 0.9        0.6        0.4
  0.3        0.         0.80622577 0.2236068  0.14142136 0.4472136
  0.2236068  0.42426407]
 [0.63245553 0.78102497 0.70710678 0.41231056 0.31622777 0.42426407
  0.58309519 0.67082039 0.28284271 0.14142136 0.2236068  0.41231056
  0.50990195 0.80622577 0.         0.6        0.7        0.41231056
  0.70710678 0.53851648]
 [0.72111026 0.60827625 0.50990195 0.80622577 0.76157731 0.42426407
  0.31622777 0.3        0.4472136  0.70710678 0.41231056 0.2236068
  0.14142136 0.2236068  0.6        0.         0.1        0.2236068
  0.14142136 0.2236068 ]
 [0.78102497 0.63245553 0.53851648 0.89442719 0.85440037 0.5
  0.36055513 0.31622777 0.53851648 0.80622577 0.50990195 0.31622777
  0.2236068  0.14142136 0.7        0.1        0.         0.31622777
  0.1        0.28284271]
 [0.72801099 0.70710678 0.60827625 0.70710678 0.64031242 0.41231056
  0.41231056 0.4472136  0.36055513 0.53851648 0.28284271 0.2
  0.2236068  0.4472136  0.41231056 0.2236068  0.31622777 0.
  0.3        0.14142136]
 [0.86023253 0.72801099 0.63245553 0.94339811 0.89442719 0.56568542
  0.4472136  0.41231056 0.58309519 0.82462113 0.53851648 0.36055513
  0.28284271 0.2236068  0.70710678 0.14142136 0.1        0.3
  0.         0.2236068 ]
 [0.85440037 0.8        0.7        0.84852814 0.78102497 0.53851648
  0.5        0.50990195 0.5        0.67082039 0.42426407 0.31622777
  0.3        0.42426407 0.53851648 0.2236068  0.28284271 0.14142136
  0.2236068  0.        ]]
episode0,iteration0 selected nodes:[17, 1, 15, 11, 12],center node:12
################################################## episode0,iteration0 ##################################################
node1: train data size:6657
node1 epoch0:node_model train_loss:0.6863815264025731,train_acc:0.7933542132377625
node1 epoch1:node_model train_loss:0.2384045588881222,train_acc:0.9246214032173157
node1_model on test-dataset: loss:0.7108423430565745,acc:0.7954766154289246
node1 weight score:9364.945778800045
node11: train data size:1575
node11 epoch0:node_model train_loss:1.526543501764536,train_acc:0.544166624546051
node11 epoch1:node_model train_loss:0.5369852837175131,train_acc:0.8379166722297668
node11_model on test-dataset: loss:0.5272987718880177,acc:0.8235869407653809
node11 weight score:2986.921426652749
node12: train data size:1406
node12 epoch0:node_model train_loss:1.5000240802764893,train_acc:0.5355555415153503
node12 epoch1:node_model train_loss:0.5515629867712657,train_acc:0.8295556306838989
node12_model on test-dataset: loss:1.137191028795205,acc:0.6099342107772827
node12 weight score:1236.3797852763437
node15: train data size:1376
node15 epoch0:node_model train_loss:1.742349054132189,train_acc:0.45879700779914856
node15 epoch1:node_model train_loss:0.6830914318561554,train_acc:0.7921804785728455
node15_model on test-dataset: loss:0.7345977857150138,acc:0.751584529876709
node15 weight score:1873.1338791889816
node17: train data size:719
node17 epoch0:node_model train_loss:2.0950012803077698,train_acc:0.3314473628997803
node17 epoch1:node_model train_loss:1.090608887374401,train_acc:0.6674342155456543
node17_model on test-dataset: loss:1.216699969060719,acc:0.5929535627365112
node17 weight score:590.942728925243
start merge all node model param
merge model finish!
global-model on test-dataset:loss:0.45548022373579444,acc:0.8692888674139977
total cost energy:6.831528153987289 | all_enery_cp：5.8665 | all_enery_tp: 0.9650281539872885
ef: 25.322796007984692
reward: 18.491267853997403
episode0,iteration1 selected nodes:[4, 14, 7, 6, 16],center node:6
################################################## episode0,iteration1 ##################################################
node4: train data size:4298
node4 epoch0:node_model train_loss:0.33396581854931146,train_acc:0.8918318748474121
node4 epoch1:node_model train_loss:0.1767934080819751,train_acc:0.9453343152999878
node4_model on test-dataset: loss:0.20068407541606575,acc:0.932898998260498
node4 weight score:21416.746650621008
node6: train data size:3529
node6 epoch0:node_model train_loss:0.30300915572378373,train_acc:0.9097509384155273
node6 epoch1:node_model train_loss:0.18733804745392668,train_acc:0.9372797012329102
node6_model on test-dataset: loss:0.17112684930674732,acc:0.9436970949172974
node6 weight score:20622.129223417287
node7: train data size:3637
node7 epoch0:node_model train_loss:0.3353077157123669,train_acc:0.8935647010803223
node7 epoch1:node_model train_loss:0.19263000282886866,train_acc:0.9390503168106079
node7_model on test-dataset: loss:0.15352307038847357,acc:0.9527959823608398
node7 weight score:23690.250532359496
node14: train data size:1540
node14 epoch0:node_model train_loss:0.46361428778618574,train_acc:0.8475000858306885
node14 epoch1:node_model train_loss:0.2792111523449421,train_acc:0.9074999094009399
node14_model on test-dataset: loss:0.39162435311242005,acc:0.8693981170654297
node14 weight score:3932.3397223918964
node16: train data size:920
node16 epoch0:node_model train_loss:0.5019078001379966,train_acc:0.8320000767707825
node16 epoch1:node_model train_loss:0.28369498550891875,train_acc:0.9169999957084656
node16_model on test-dataset: loss:0.2854004259593785,acc:0.905599057674408
node16 weight score:3223.541089356836
start merge all node model param
merge model finish!
global-model on test-dataset:loss:0.14187855970114469,acc:0.9577979558706283
total cost energy:8.605650317030928 | all_enery_cp：6.962 | all_enery_tp: 1.6436503170309291
ef: 28.75592023844726
reward: 20.15026992141633
episode0,iteration2 selected nodes:[5, 17, 19, 15, 12],center node:12
################################################## episode0,iteration2 ##################################################
node5: train data size:4837
node5 epoch0:node_model train_loss:0.24064842535524952,train_acc:0.9233866333961487
node5 epoch1:node_model train_loss:0.14235280940727313,train_acc:0.9542854428291321
node5_model on test-dataset: loss:0.13791266316664405,acc:0.9555928707122803
node5 weight score:35072.92143401876
node12: train data size:1406
node12 epoch0:node_model train_loss:0.26109866549571353,train_acc:0.9099999666213989
node12 epoch1:node_model train_loss:0.18801580518484115,train_acc:0.9335556030273438
node12_model on test-dataset: loss:0.15390310418326408,acc:0.9496901631355286
node12 weight score:9135.618202513766
node15: train data size:1376
node15 epoch0:node_model train_loss:0.22587011488420622,train_acc:0.9355639219284058
node15 epoch1:node_model train_loss:0.13150173212800706,train_acc:0.962180495262146
node15_model on test-dataset: loss:0.17231425320729613,acc:0.9454969763755798
node15 weight score:7985.4102280480265
node17: train data size:719
node17 epoch0:node_model train_loss:0.343939945101738,train_acc:0.8930920362472534
node17 epoch1:node_model train_loss:0.21339154057204723,train_acc:0.9350000023841858
node17_model on test-dataset: loss:0.2834879169985652,acc:0.9089936017990112
node17 weight score:2536.263300434209
node19: train data size:5781
node19 epoch0:node_model train_loss:0.22081501948936233,train_acc:0.9303959012031555
node19 epoch1:node_model train_loss:0.14976234618445922,train_acc:0.9534992575645447
node19_model on test-dataset: loss:0.15038602281361818,acc:0.9549917578697205
node19 weight score:38441.07246033574
start merge all node model param
merge model finish!
global-model on test-dataset:loss:0.11851421530824155,acc:0.9612969446182251
total cost energy:8.007370866461908 | all_enery_cp：7.0595 | all_enery_tp: 0.9478708664619075
ef: 29.62130221780199
reward: 21.61393135134008
episode0,iteration3 selected nodes:[11, 6, 15, 14, 3],center node:11
################################################## episode0,iteration3 ##################################################
node3: train data size:3762
node3 epoch0:node_model train_loss:0.21347962202210174,train_acc:0.9291340708732605
node3 epoch1:node_model train_loss:0.12800933038325688,train_acc:0.959575355052948
node3_model on test-dataset: loss:0.1523335124924779,acc:0.9505950212478638
node3 weight score:24695.813406034107
node6: train data size:3529
node6 epoch0:node_model train_loss:0.17695424064166015,train_acc:0.9451532363891602
node6 epoch1:node_model train_loss:0.10607025534328487,train_acc:0.9644442796707153
node6_model on test-dataset: loss:0.14679228079970927,acc:0.9512948393821716
node6 weight score:24040.773675389268
node11: train data size:1575
node11 epoch0:node_model train_loss:0.22311122016981244,train_acc:0.92208331823349
node11 epoch1:node_model train_loss:0.14028432313352823,train_acc:0.9574998617172241
node11_model on test-dataset: loss:0.1800500372465467,acc:0.939583957195282
node11 weight score:8747.568309821096
node14: train data size:1540
node14 epoch0:node_model train_loss:0.23742024088278413,train_acc:0.9212499856948853
node14 epoch1:node_model train_loss:0.1272085513919592,train_acc:0.9587498903274536
node14_model on test-dataset: loss:0.15225314225186592,acc:0.9497941136360168
node14 weight score:10114.733773129248
node15: train data size:1376
node15 epoch0:node_model train_loss:0.23629577245031083,train_acc:0.9222556352615356
node15 epoch1:node_model train_loss:0.1346403732895851,train_acc:0.9583834409713745
node15_model on test-dataset: loss:0.2770845128386281,acc:0.9118848443031311
node15 weight score:4965.99389804717
start merge all node model param
merge model finish!
global-model on test-dataset:loss:0.10223708518315107,acc:0.965297954082489
total cost energy:7.333619347546254 | all_enery_cp：5.891 | all_enery_tp: 1.442619347546254
ef: 29.337110766017748
reward: 22.003491418471494
episode0,iteration4 selected nodes:[5, 13, 9, 6, 11],center node:11
################################################## episode0,iteration4 ##################################################
node5: train data size:4837
node5 epoch0:node_model train_loss:0.1609489468439501,train_acc:0.9463872909545898
node5 epoch1:node_model train_loss:0.1124375861290158,train_acc:0.9641421437263489
node5_model on test-dataset: loss:0.1384662671503611,acc:0.9562970995903015
node5 weight score:34932.69587998268
node6: train data size:3529
node6 epoch0:node_model train_loss:0.14815521043621832,train_acc:0.9569443464279175
node6 epoch1:node_model train_loss:0.09880266787432548,train_acc:0.9691665768623352
node6_model on test-dataset: loss:0.471608140542412,acc:0.8618665337562561
node6 weight score:7482.907305079979
node9: train data size:2125
node9 epoch0:node_model train_loss:0.20121971907263453,train_acc:0.9322726130485535
node9 epoch1:node_model train_loss:0.11275746681812135,train_acc:0.964090883731842
node9_model on test-dataset: loss:0.12071629100479185,acc:0.9615969657897949
node9 weight score:17603.257872755945
node11: train data size:1575
node11 epoch0:node_model train_loss:0.19716774532571435,train_acc:0.9335415959358215
node11 epoch1:node_model train_loss:0.11738602234981954,train_acc:0.9622916579246521
node11_model on test-dataset: loss:0.1806397349340841,acc:0.9435948729515076
node11 weight score:8719.01190828652
node13: train data size:1056
node13 epoch0:node_model train_loss:0.20689248767766086,train_acc:0.9312987327575684
node13 epoch1:node_model train_loss:0.11426835490221326,train_acc:0.9590909481048584
node13_model on test-dataset: loss:0.20136411492392653,acc:0.9378927946090698
node13 weight score:5244.231328898632
start merge all node model param
merge model finish!
global-model on test-dataset:loss:0.0861871650465764,acc:0.9722979527711868
total cost energy:7.908213595499958 | all_enery_cp：6.561 | all_enery_tp: 1.347213595499958
ef: 29.194192292826877
reward: 21.285978697326918
episode0,iteration5 selected nodes:[4, 9, 5, 18, 10],center node:10
################################################## episode0,iteration5 ##################################################
node4: train data size:4298
node4 epoch0:node_model train_loss:0.14937896931240724,train_acc:0.9557901620864868
node4 epoch1:node_model train_loss:0.09626621614361919,train_acc:0.9718508720397949
node4_model on test-dataset: loss:0.13351793620502575,acc:0.9573959708213806
node4 weight score:32190.431654067306
node5: train data size:4837
node5 epoch0:node_model train_loss:0.1386300717689553,train_acc:0.9541423320770264
node5 epoch1:node_model train_loss:0.08892480494948674,train_acc:0.9700605273246765
node5_model on test-dataset: loss:0.157284255164559,acc:0.9517909288406372
node5 weight score:30753.237156123978
node9: train data size:2125
node9 epoch0:node_model train_loss:0.14494664277034727,train_acc:0.9554545283317566
node9 epoch1:node_model train_loss:0.07723391699520024,train_acc:0.9754544496536255
node9_model on test-dataset: loss:0.12690977158606984,acc:0.9575961232185364
node9 weight score:16744.179533558072
node10: train data size:1915
node10 epoch0:node_model train_loss:0.14010978976730257,train_acc:0.9599999785423279
node10 epoch1:node_model train_loss:0.08640985675156117,train_acc:0.9734998941421509
node10_model on test-dataset: loss:0.1822823716473067,acc:0.9405929446220398
node10 weight score:10505.678539805716
node18: train data size:801
node18 epoch0:node_model train_loss:0.1178117459559063,train_acc:0.9633333683013916
node18 epoch1:node_model train_loss:0.21260934654209349,train_acc:0.8555554747581482
node18_model on test-dataset: loss:0.14473358906139766,acc:0.9540939927101135
node18 weight score:5534.306204900416
start merge all node model param
merge model finish!
global-model on test-dataset:loss:0.07879205195815303,acc:0.9740969473123551
total cost energy:8.410678406009827 | all_enery_cp：6.9879999999999995 | all_enery_tp: 1.4226784060098283
ef: 29.712155863626016
reward: 21.301477457616187
episode0,iteration6 selected nodes:[1, 4, 2, 6, 7],center node:2
################################################## episode0,iteration6 ##################################################
node1: train data size:6657
node1 epoch0:node_model train_loss:0.13368606214314255,train_acc:0.9594002962112427
node1 epoch1:node_model train_loss:0.10952234624037102,train_acc:0.9642155170440674
node1_model on test-dataset: loss:0.10822292584140086,acc:0.9648970365524292
node1 weight score:61511.92040174314
node2: train data size:4610
node2 epoch0:node_model train_loss:0.13468851933770992,train_acc:0.9559575319290161
node2 epoch1:node_model train_loss:0.1009701352320027,train_acc:0.9665957093238831
node2_model on test-dataset: loss:0.09710525881499052,acc:0.9679948687553406
node2 weight score:47474.25686577065
node4: train data size:4298
node4 epoch0:node_model train_loss:0.12999172610512308,train_acc:0.9567345976829529
node4 epoch1:node_model train_loss:0.09505803475892821,train_acc:0.9704508185386658
node4_model on test-dataset: loss:0.30550672128483713,acc:0.9086928963661194
node4 weight score:14068.430252284987
node6: train data size:3529
node6 epoch0:node_model train_loss:0.11929953059492011,train_acc:0.9624999165534973
node6 epoch1:node_model train_loss:0.08280477947038081,train_acc:0.9749040603637695
node6_model on test-dataset: loss:0.12178904732689261,acc:0.9627963900566101
node6 weight score:28976.33307310345
node7: train data size:3637
node7 epoch0:node_model train_loss:0.14819618697102005,train_acc:0.9524322748184204
node7 epoch1:node_model train_loss:0.09388239258849942,train_acc:0.9708908796310425
node7_model on test-dataset: loss:0.16975492639932782,acc:0.946995735168457
node7 weight score:21425.004134751296
start merge all node model param
merge model finish!
global-model on test-dataset:loss:0.07240319913078565,acc:0.9774969464540482
total cost energy:12.521562329783656 | all_enery_cp：11.3655 | all_enery_tp: 1.156062329783655
ef: 30.463672065918146
reward: 17.94210973613449
episode0,iteration7 selected nodes:[8, 0, 3, 1, 17],center node:8
################################################## episode0,iteration7 ##################################################
node0: train data size:7165
node0 epoch0:node_model train_loss:0.13626168983884984,train_acc:0.9591453671455383
node0 epoch1:node_model train_loss:0.09165110136382282,train_acc:0.9702671766281128
node0_model on test-dataset: loss:0.09863053639128339,acc:0.9684970378875732
node0 weight score:72644.8447119387
node1: train data size:6657
node1 epoch0:node_model train_loss:0.1181507169255125,train_acc:0.9644777178764343
node1 epoch1:node_model train_loss:0.08639988542270305,train_acc:0.9717910289764404
node1_model on test-dataset: loss:0.21636510860611452,acc:0.9284000992774963
node1 weight score:30767.437702346208
node3: train data size:3762
node3 epoch0:node_model train_loss:0.13154371014158978,train_acc:0.9552630186080933
node3 epoch1:node_model train_loss:0.08347473215115697,train_acc:0.9707299470901489
node3_model on test-dataset: loss:0.09963999860076,acc:0.9684961438179016
node3 weight score:37755.92184694496
node8: train data size:2290
node8 epoch0:node_model train_loss:0.15424615630637045,train_acc:0.9545893669128418
node8 epoch1:node_model train_loss:0.11035761382916699,train_acc:0.9672462940216064
node8_model on test-dataset: loss:0.11998837752500549,acc:0.9646979570388794
node8 weight score:19085.181808736146
node17: train data size:719
node17 epoch0:node_model train_loss:0.17955456778872758,train_acc:0.9596710801124573
node17 epoch1:node_model train_loss:0.1073622356634587,train_acc:0.966249942779541
node17_model on test-dataset: loss:0.1253894064530323,acc:0.9623969793319702
node17 weight score:5734.1367212653595
start merge all node model param
merge model finish!
global-model on test-dataset:loss:0.06662868326762691,acc:0.9785969454050064
total cost energy:11.9176102550928 | all_enery_cp：10.296500000000002 | all_enery_tp: 1.6211102550927978
ef: 30.41534412628813
reward: 18.49773387119533
episode0,iteration8 selected nodes:[16, 1, 0, 18, 10],center node:16
################################################## episode0,iteration8 ##################################################
node0: train data size:7165
node0 epoch0:node_model train_loss:0.11192533580793275,train_acc:0.9634615778923035
node0 epoch1:node_model train_loss:0.08016145361600341,train_acc:0.9743058085441589
node0_model on test-dataset: loss:0.08846146395953838,acc:0.9716991782188416
node0 weight score:80995.7203882271
node1: train data size:6657
node1 epoch0:node_model train_loss:0.10633980113067734,train_acc:0.9657081365585327
node1 epoch1:node_model train_loss:0.07822755977177798,train_acc:0.9744018912315369
node1_model on test-dataset: loss:0.11035028871614486,acc:0.966495931148529
node1 weight score:60326.07687256594
node10: train data size:1915
node10 epoch0:node_model train_loss:0.10329698710702359,train_acc:0.9660000205039978
node10 epoch1:node_model train_loss:0.09069474714342504,train_acc:0.9745000004768372
node10_model on test-dataset: loss:0.08035165374079951,acc:0.9731941223144531
node10 weight score:23832.73910176706
node16: train data size:920
node16 epoch0:node_model train_loss:0.09910282529890538,train_acc:0.9649998545646667
node16 epoch1:node_model train_loss:0.09092290177941323,train_acc:0.9770000576972961
node16_model on test-dataset: loss:0.1388145470293239,acc:0.9572865962982178
node16 weight score:6627.547470263722
node18: train data size:801
node18 epoch0:node_model train_loss:0.43257347328795326,train_acc:0.861111044883728
node18 epoch1:node_model train_loss:0.17209275708430344,train_acc:0.9522221684455872
node18_model on test-dataset: loss:0.2205462992428511,acc:0.9354850053787231
node18 weight score:3631.890459055001
start merge all node model param
merge model finish!
global-model on test-dataset:loss:0.06423319941444788,acc:0.9791979551315307
total cost energy:10.752382450983621 | all_enery_cp：8.729000000000001 | all_enery_tp: 2.02338245098362
ef: 30.587967648573013
reward: 19.835585197589392
episode0,iteration9 selected nodes:[16, 15, 19, 17, 13],center node:15
################################################## episode0,iteration9 ##################################################
node13: train data size:1056
node13 epoch0:node_model train_loss:0.09469212422316725,train_acc:0.972012996673584
node13 epoch1:node_model train_loss:0.06615930135277184,train_acc:0.981103777885437
node13_model on test-dataset: loss:0.12817034303036054,acc:0.957397997379303
node13 weight score:8239.035451047037
node15: train data size:1376
node15 epoch0:node_model train_loss:0.1242789039388299,train_acc:0.9598121643066406
node15 epoch1:node_model train_loss:0.08284698533160346,train_acc:0.9757143259048462
node15_model on test-dataset: loss:0.07701919084123801,acc:0.9749980568885803
node15 weight score:17865.67717695698
node16: train data size:920
node16 epoch0:node_model train_loss:0.1161323631182313,train_acc:0.9669999480247498
node16 epoch1:node_model train_loss:0.08817248567938804,train_acc:0.9699999690055847
node16_model on test-dataset: loss:0.1909728343388997,acc:0.9436957836151123
node16 weight score:4817.439104283133
node17: train data size:719
node17 epoch0:node_model train_loss:0.09368580457521603,train_acc:0.973421037197113
node17 epoch1:node_model train_loss:0.06504352181218565,train_acc:0.9771710634231567
node17_model on test-dataset: loss:0.19183256559772416,acc:0.9434970021247864
node17 weight score:3748.0601782064164
node19: train data size:5781
node19 epoch0:node_model train_loss:0.10824201699217846,train_acc:0.9673733115196228
node19 epoch1:node_model train_loss:0.07508673332631588,train_acc:0.9772415161132812
node19_model on test-dataset: loss:0.08478410933632403,acc:0.9726979732513428
node19 weight score:68184.9469818426
start merge all node model param
merge model finish!
global-model on test-dataset:loss:0.06478917217580601,acc:0.9789979535341263
total cost energy:5.696820393249937 | all_enery_cp：4.926 | all_enery_tp: 0.7708203932499369
ef: 30.678784470399382
reward: 24.981964077149446
episode0,iteration10 selected nodes:[1, 18, 15, 13, 10],center node:15
################################################## episode0,iteration10 ##################################################
node1: train data size:6657
node1 epoch0:node_model train_loss:0.0918937089449879,train_acc:0.9686933755874634
node1 epoch1:node_model train_loss:0.05977942890473711,train_acc:0.9828357696533203
node1_model on test-dataset: loss:0.08980164823209634,acc:0.9733949303627014
node1 weight score:74130.04249982905
node10: train data size:1915
node10 epoch0:node_model train_loss:0.12400151919573546,train_acc:0.9614998698234558
node10 epoch1:node_model train_loss:0.05873389141634107,train_acc:0.9784998893737793
node10_model on test-dataset: loss:0.0878731019130646,acc:0.9718971252441406
node10 weight score:21792.789355433983
node13: train data size:1056
node13 epoch0:node_model train_loss:0.11292652650312944,train_acc:0.9600648283958435
node13 epoch1:node_model train_loss:0.07268859801644628,train_acc:0.9781818389892578
node13_model on test-dataset: loss:0.2826552291950793,acc:0.922595739364624
node13 weight score:3736.0002254590654
node15: train data size:1376
node15 epoch0:node_model train_loss:0.09665768247629915,train_acc:0.9695488810539246
node15 epoch1:node_model train_loss:0.05391690307962043,train_acc:0.982631504535675
node15_model on test-dataset: loss:0.11356866322283167,acc:0.9659935832023621
node15 weight score:12116.01828314354
node18: train data size:801
node18 epoch0:node_model train_loss:0.07492222221723448,train_acc:0.9722222089767456
node18 epoch1:node_model train_loss:0.04021245199611359,train_acc:0.9877777099609375
node18_model on test-dataset: loss:0.19632638025501364,acc:0.943892776966095
node18 weight score:4079.940754571848
start merge all node model param
merge model finish!
global-model on test-dataset:loss:0.06142617830555537,acc:0.9806959396600723
D:\pengyubo\pythonProj\SBM-master\experiment_1\SBM_train.py:109: RuntimeWarning: More than 20 figures have been opened. Figures created through the pyplot interface (`matplotlib.pyplot.figure`) are retained until explicitly closed and may consume too much memory. (To control this warning, see the rcParam `figure.max_open_warning`).
  plt.figure()
total cost energy:7.288114969578876 | all_enery_cp：5.9025 | all_enery_tp: 1.3856149695788764
ef: 30.28241742515456
reward: 22.994302455575685
episode0,iteration11 selected nodes:[16, 5, 7, 12, 17],center node:12
################################################## episode0,iteration11 ##################################################
node5: train data size:4837
node5 epoch0:node_model train_loss:0.11440269898015018,train_acc:0.9641421437263489
node5 epoch1:node_model train_loss:0.06589389712150608,train_acc:0.9793877005577087
node5_model on test-dataset: loss:0.08962647315318463,acc:0.973097026348114
node5 weight score:53968.42952564769
node7: train data size:3637
node7 epoch0:node_model train_loss:0.10821460076683276,train_acc:0.966376781463623
node7 epoch1:node_model train_loss:0.0725987679262117,train_acc:0.9772971272468567
node7_model on test-dataset: loss:0.11460809847849304,acc:0.9625860452651978
node7 weight score:31734.232120450954
node12: train data size:1406
node12 epoch0:node_model train_loss:0.08575622501472632,train_acc:0.971333384513855
node12 epoch1:node_model train_loss:0.07523690105881542,train_acc:0.9786667227745056
node12_model on test-dataset: loss:0.11458707439349382,acc:0.9649929404258728
node12 weight score:12270.144843490583
node16: train data size:920
node16 epoch0:node_model train_loss:0.08991190348751843,train_acc:0.9739999771118164
node16 epoch1:node_model train_loss:0.08212455161847174,train_acc:0.9749999046325684
node16_model on test-dataset: loss:0.12733232116414,acc:0.9607890248298645
node16 weight score:7225.188322877249
node17: train data size:719
node17 epoch0:node_model train_loss:0.16179086500778794,train_acc:0.9646710157394409
node17 epoch1:node_model train_loss:0.13186102581676096,train_acc:0.9602631330490112
node17_model on test-dataset: loss:0.098011420215189,acc:0.9669969081878662
node17 weight score:7335.879823202228
start merge all node model param
merge model finish!
global-model on test-dataset:loss:0.060024924796598496,acc:0.9810959362983703
total cost energy:6.713163105724556 | all_enery_cp：5.7595 | all_enery_tp: 0.9536631057245559
ef: 30.77167437477271
reward: 24.058511269048154
episode0,iteration12 selected nodes:[16, 7, 10, 1, 0],center node:7
################################################## episode0,iteration12 ##################################################
node0: train data size:7165
node0 epoch0:node_model train_loss:0.10601304617658672,train_acc:0.966858983039856
node0 epoch1:node_model train_loss:0.0640408766662909,train_acc:0.9790811538696289
node0_model on test-dataset: loss:0.12079729511402547,acc:0.9628969430923462
node0 weight score:59314.24203858758
node1: train data size:6657
node1 epoch0:node_model train_loss:0.08666135862803281,train_acc:0.9724247455596924
node1 epoch1:node_model train_loss:0.05125039072234684,train_acc:0.9843285083770752
node1_model on test-dataset: loss:0.09197709888452664,acc:0.9731962084770203
node1 weight score:72376.71203739077
node7: train data size:3637
node7 epoch0:node_model train_loss:0.0856184071131252,train_acc:0.9730532169342041
node7 epoch1:node_model train_loss:0.04981038290881426,train_acc:0.9845945239067078
node7_model on test-dataset: loss:0.09347496638773009,acc:0.9712908864021301
node7 weight score:38908.81313520758
node10: train data size:1915
node10 epoch0:node_model train_loss:0.09985743700526654,train_acc:0.9751664996147156
node10 epoch1:node_model train_loss:0.06452653033193201,train_acc:0.9774999022483826
node10_model on test-dataset: loss:0.09518604677534313,acc:0.9696971774101257
node10 weight score:20118.49493571004
node16: train data size:920
node16 epoch0:node_model train_loss:0.08546014577150345,train_acc:0.9719999432563782
node16 epoch1:node_model train_loss:0.05704686306416988,train_acc:0.9809999465942383
node16_model on test-dataset: loss:0.1772798861935735,acc:0.9493970274925232
node16 weight score:5189.534017386743
start merge all node model param
merge model finish!
global-model on test-dataset:loss:0.05712807760923169,acc:0.9818969440460205
total cost energy:11.726669127533635 | all_enery_cp：10.147 | all_enery_tp: 1.5796691275336339
ef: 30.7985895678404
reward: 19.071920440306762
episode0,iteration13 selected nodes:[14, 8, 18, 0, 5],center node:8
################################################## episode0,iteration13 ##################################################
node0: train data size:7165
node0 epoch0:node_model train_loss:0.07770248702985959,train_acc:0.9770088195800781
node0 epoch1:node_model train_loss:0.05985781451454386,train_acc:0.980341911315918
node0_model on test-dataset: loss:0.08986537463555579,acc:0.9724939465522766
node0 weight score:79730.37478625415
node5: train data size:4837
node5 epoch0:node_model train_loss:0.08824042354387288,train_acc:0.9735299348831177
node5 epoch1:node_model train_loss:0.05537583976176244,train_acc:0.9820408225059509
node5_model on test-dataset: loss:0.08964244953065645,acc:0.973796010017395
node5 weight score:53958.811091455216
node8: train data size:2290
node8 epoch0:node_model train_loss:0.11652699129089066,train_acc:0.9598066210746765
node8 epoch1:node_model train_loss:0.0736868533751239,train_acc:0.9785988330841064
node8_model on test-dataset: loss:0.12043264245206955,acc:0.9627981185913086
node8 weight score:19014.778330645586
node14: train data size:1540
node14 epoch0:node_model train_loss:0.0999863421311602,train_acc:0.9681248664855957
node14 epoch1:node_model train_loss:0.07939998421352357,train_acc:0.9771873950958252
node14_model on test-dataset: loss:0.09387473980779759,acc:0.9711957573890686
node14 weight score:16404.83907761608
node18: train data size:801
node18 epoch0:node_model train_loss:0.06616673778949513,train_acc:0.9777777194976807
node18 epoch1:node_model train_loss:0.06147431375251876,train_acc:0.9777777194976807
node18_model on test-dataset: loss:0.258136747451174,acc:0.9242861866950989
node18 weight score:3103.006479739997
start merge all node model param
merge model finish!
global-model on test-dataset:loss:0.05751420944463462,acc:0.9808959370851517
total cost energy:9.723859258196459 | all_enery_cp：8.3165 | all_enery_tp: 1.407359258196459
ef: 30.784558433775334
reward: 21.060699175578875
episode0,iteration14 selected nodes:[0, 1, 7, 4, 11],center node:0
################################################## episode0,iteration14 ##################################################
node0: train data size:7165
node0 epoch0:node_model train_loss:0.06264216046676868,train_acc:0.97756427526474
node0 epoch1:node_model train_loss:0.0459343306073505,train_acc:0.9847224354743958
node0_model on test-dataset: loss:0.09122821272118017,acc:0.9731959104537964
node0 weight score:78539.30035764609
node1: train data size:6657
node1 epoch0:node_model train_loss:0.08435006556448651,train_acc:0.9738808274269104
node1 epoch1:node_model train_loss:0.03947614860345623,train_acc:0.9873136878013611
node1_model on test-dataset: loss:0.09647468307171948,acc:0.9691950678825378
node1 weight score:69002.55888947748
node4: train data size:4298
node4 epoch0:node_model train_loss:0.09097017131226007,train_acc:0.9746319651603699
node4 epoch1:node_model train_loss:0.05218920839387317,train_acc:0.9839534163475037
node4_model on test-dataset: loss:0.07731714764609933,acc:0.9752970933914185
node4 weight score:55589.22090185042
node7: train data size:3637
node7 epoch0:node_model train_loss:0.0791041106489059,train_acc:0.9727023839950562
node7 epoch1:node_model train_loss:0.058907151373254286,train_acc:0.9824323058128357
node7_model on test-dataset: loss:0.14413491448081914,acc:0.9558987021446228
node7 weight score:25233.303208321508
node11: train data size:1575
node11 epoch0:node_model train_loss:0.10781469382345676,train_acc:0.9662498831748962
node11 epoch1:node_model train_loss:0.06219913437962532,train_acc:0.982499897480011
node11_model on test-dataset: loss:0.11153576752563822,acc:0.9671950340270996
node11 weight score:14121.030723511738
start merge all node model param
merge model finish!
global-model on test-dataset:loss:0.05137104651890695,acc:0.9825969451665878
total cost energy:13.428780549425378 | all_enery_cp：11.665999999999999 | all_enery_tp: 1.762780549425379
ef: 31.078980696025866
reward: 17.65020014660049
episode0,iteration15 selected nodes:[4, 1, 18, 7, 9],center node:7
################################################## episode0,iteration15 ##################################################
node1: train data size:6657
node1 epoch0:node_model train_loss:0.06296125261474457,train_acc:0.9814167022705078
node1 epoch1:node_model train_loss:0.051271728080099645,train_acc:0.9829850792884827
node1_model on test-dataset: loss:0.07412305468838895,acc:0.9771960377693176
node1 weight score:89810.11411342699
node4: train data size:4298
node4 epoch0:node_model train_loss:0.07315211487544138,train_acc:0.9785950183868408
node4 epoch1:node_model train_loss:0.05669802368813476,train_acc:0.9795206785202026
node4_model on test-dataset: loss:0.06731058645062149,acc:0.977996826171875
node4 weight score:63853.25439339291
node7: train data size:3637
node7 epoch0:node_model train_loss:0.07487676310277469,train_acc:0.9789991974830627
node7 epoch1:node_model train_loss:0.0635302197188139,train_acc:0.9798901677131653
node7_model on test-dataset: loss:0.09836913952269243,acc:0.9692969918251038
node7 weight score:36972.977680271295
node9: train data size:2125
node9 epoch0:node_model train_loss:0.0843301322311163,train_acc:0.9718179702758789
node9 epoch1:node_model train_loss:0.041077207011932675,train_acc:0.9868180751800537
node9_model on test-dataset: loss:0.10481210343568818,acc:0.9690952897071838
node9 weight score:20274.376053371376
node18: train data size:801
node18 epoch0:node_model train_loss:0.05276723288827472,train_acc:0.9822221398353577
node18 epoch1:node_model train_loss:0.041215677223893486,train_acc:0.9811111092567444
node18_model on test-dataset: loss:0.17961169695510762,acc:0.9492915868759155
node18 weight score:4459.620467815094
start merge all node model param
merge model finish!
global-model on test-dataset:loss:0.0520441805444716,acc:0.9822979539632797
total cost energy:10.915549317506656 | all_enery_cp：8.759 | all_enery_tp: 2.156549317506656
ef: 31.08341173658417
reward: 20.167862419077515
episode0,iteration16 selected nodes:[14, 0, 1, 17, 10],center node:10
################################################## episode0,iteration16 ##################################################
node0: train data size:7165
node0 epoch0:node_model train_loss:0.06986492986066474,train_acc:0.9765918850898743
node0 epoch1:node_model train_loss:0.03856578537185366,train_acc:0.9865171909332275
node0_model on test-dataset: loss:0.07349781243014149,acc:0.977196991443634
node0 weight score:97485.89465584734
node1: train data size:6657
node1 epoch0:node_model train_loss:0.05551396117114754,train_acc:0.9798508882522583
node1 epoch1:node_model train_loss:0.05081951979950849,train_acc:0.9824249148368835
node1_model on test-dataset: loss:0.08340419147221838,acc:0.9745960235595703
node1 weight score:79816.13252875213
node10: train data size:1915
node10 epoch0:node_model train_loss:0.0783953454985749,train_acc:0.9789999127388
node10 epoch1:node_model train_loss:0.035292326367925855,train_acc:0.9899998903274536
node10_model on test-dataset: loss:0.08211166019376832,acc:0.9760969281196594
node10 weight score:23321.90087840088
node14: train data size:1540
node14 epoch0:node_model train_loss:0.09177779022138566,train_acc:0.974687397480011
node14 epoch1:node_model train_loss:0.04341790033504367,train_acc:0.9868749380111694
node14_model on test-dataset: loss:0.08912391906400444,acc:0.9723968505859375
node14 weight score:17279.311953214798
node17: train data size:719
node17 epoch0:node_model train_loss:0.11326585453934968,train_acc:0.973421037197113
node17 epoch1:node_model train_loss:0.058516938937827945,train_acc:0.9862499237060547
node17_model on test-dataset: loss:0.12352179318491835,acc:0.9617860317230225
node17 weight score:5820.835185930476
